1295124
1296141
6985810
1900841
1293182
1292262
1291841
21937445
1292224
1291828
1291818
1293350
1292434
1397546
1787291
1300267
1291548
1296736
1291545
1292063
1292365
1298624
1300992
3008247
6786002
1306029
1291546
1296339
1297630
3442220
1303021
1865703
1292656
1395091
1293172
1292208
1291990
1292679
1291568
1294639
2297265
2131459
1305164
1291832
5908478
1485260
1295399
3443389
1291822
1293544
1780330
1291879
1291560
1905462
1291858
1292233
1292217
1292402
1292270
1401118
1293839
1304447
1308777
5964718
1851857
1293749
1291561
1292849
1292343
1306861
1292925
4917726
1291583
1291870
1418834
1292214
1388216
1300117
1307914
1438652
1307793
1299131
3217169
3073124
1978709
1297359
1293318
1305666
4268598
10577869
1305487
1292720
1293181
1293908
5322596
1309163
1293460
1292218
1296753
1294371
3824274
1301171
3157605
1292062
1867345
25917973
2363506
1300374
4798888
1292226
1305690
1292213
1292281
1296987
24750126
1295873
1292329
1292222
4023638
3732800
2129039
1419936
1292328
1293359
1308857
1292211
1293764
3205624
1300613
1300056
10777687
25814707
1292260
1291936
1292047
1322848
1962116
1291875
1756073
1293964
1298107
4876722
2209573
1292719
1309016
1299603
3026357
1292969
3018123
1292370
1291571
5989818
1293071
1297052
1309115
3077668
1292528
21937452
1848925
1301753
1361276
1308817
1297991
1291585
1316510
1295409
3041749
1297574
1294781
1292268
1292401
1293374
1298653
1921583
1292048
2028666
1295865
1293527
1291579
1777612
1291565
11525673
1296157
1307394
1296196
1857099
1959195
1298744
1292349
1297294
4066125
1293530
1299361
1294240
1945780
1293909
1917171
1293566
25954475
1418019
1298733
3742360
2044089
1300055
3236904
1297478
1292052
1316580
1291839
1297009
1292216
1858711
1293847
1295686
1293708
1294438
1291562
1394218
1291580
1300555
1291549
1297447
1291572
1308575
3626372
1292269
1292348
3792848
1292288
1301169
1292275
1292472
1291552
1292574
1291999
1292238
1293394
4304402
1299398
1292403
2365260
1293889
1293150
1295646
1292287
1294300
2982823
1292220
2334904
1293234
1849031
1806555
1301231
1291554
1652587
1293852
2353023
1294584
1295872
1292271
1293564
2336737
1293381
1293155
1767042
1295684
1291843
2149806
1293683
1293145
1293226
1292065
3075287
1293590
1292056
1298070
1292515
5360889
1295742
1929463
1303037
1308807
1292067
1292223
1291840
1292049
1304056
1295586
3007826
4286017
1292589
1760622
1865561
1299327
1307748
1292055
1369747
1295038
1295753
1293838
1293824
1308755
1293823
3541415
1293936
1306662
6879185
3011235
1295451
1299799
1307315
1293270
1851906
1300044
1294490
1478064
1401385
3007773
2968813
1297602
2056093
1295116
1298308
1293200
1298521
1293396
3920977
1303394
1292778
1325958
1301168
1300741
2132932
1294917
1293213
3397503
1309069
1889243
1418200
1293755
1302476
1291824
1299932
1294756
1291853
1482090
1298817
1297531
1315316
1292465
1296794
1293315
1297127
1291586
1292274
1292625
3793023
1301230
1294408
2043546
1296717
1294638
1294979
1291584
1292697
6771529
2010972
1291575
1296963
1292728
1296528
1292521
1294323
1294941
1294947
1292881
3792799
1297151
1293792
1300766
1292516
1300656
1297874
1293147
1298505
1293471
6019180
1294100
1295995
1293582
1291577
1299231
1295137
3148748
1295644
4739952
1293714
1293698
3011091
1294605
3072124
1291574
1293352
1306795
1292895
1309046
1297192
1301434
21360417
1292215
6803494
1293929
1401535
1297280
1292001
1295134
1297441
1432146
1937946
5960606
1299517
1301617
1298113
1300537
3287562
1302827
1293840
1428175
3011051
1306249
1293399
1305725
1793929
1308767
1304073
1300960
2997076
1299412
1316572
2132495
1299003
2053515
1292064
1299080
6097775
1297131
1862151
1301106
6874403
1781126
1291588
5977835
6146955
1467044
2213597
1300868
1418190
1297689
6860160
1291581
1307811
1302467
4164444
6307447
1291557
1300616
3993559
1291992
2300586
3319755
1302425
1907966
10808442
20388223
1292523
1292722
2133323
25814705
6534248
20326665
1578507
1296909
4202302
1304102
1844413
1298898
3552028
1820145
3395373
1291578
21318488
3041806
3718279
1292225
1292659
7065154
1793491
1291844
1304141
3006772
1966182
1308865
25773932
10533913
4848115
3592854
11026735
10485647
6722879
11606328
4920528
1866479
3821067
1309060
3731581
4321313
